61
43
994
355
213
1264
244
376
1268
54
374
297
93
1242
880
1246
973
375
501
32
229
1441
359
591
387
267
55
673
226
257
975
678
39
44
36
58
1284
1340
684
670
84
241
1808
509
592
220
233
590
502
594
224
245
49
44
350
504
852
1473
299
30
995
1671
45
44
253
246
1767
1809
20
260
259
34
685
263
972
91
62
962
964
98
353
354
34
39
967
238
7
1345
855
237
1
974
254
357
996
686
86
61
57
269
242
243
850
82
506
225
53
965
682
856
371
266
231
961
218
370
423
352
230
222
261
269
853
389
265
60
223
960
356
1670
212
596
692
52
1808
691
258
373
377
976
1664
95
44
264
674
977
227
234
31
505
683
64
687
47
44
672
971
44
44
968
92
680
970
507
675
595
51
48
351
1787
262
7
250
40
503
685
378
239
966
268
290
248
221
1784
1869
1758
508
381
34
65
963
421
386
1
677
252
249
597
232
992
66
886
255
1649
228
690
676
1868
290
688
216
993
90
256
998
380
681
598
1
298
679
63
358
500
33
689
385
236
235
420
56
41
46
47
94
593
240
291
372
251
27
1876
81